Transformation Matrix (aruco to camera):
 [[-0.04793425  0.99878315  0.01159826  0.02139552]
 [ 0.99879475  0.04805102 -0.01000745  0.02883001]
 [-0.01055258  0.01110458 -0.99988266  0.6365618 ]
 [ 0.          0.          0.          1.        ]]
Transformation Matrix (camera to aruco):
 [[-0.04793425  0.99879475 -0.01055258 -0.02105231]
 [ 0.99878315  0.04805102  0.01110458 -0.02982356]
 [ 0.01159826 -0.01000745 -0.99988266  0.63652746]
 [ 0.          0.          0.          1.        ]]
Transformation Matrix (base to ee = base to ee(1)):
 [[ 8.45027923e-04 -9.99995206e-01 -2.97894125e-03  2.80273246e-01]
 [-9.99998882e-01 -8.48697772e-04  1.23088194e-03 -9.08405437e-02]
 [-1.23340426e-03  2.97789779e-03 -9.99994805e-01  4.03180131e-01]
 [ 0.00000000e+00  0.00000000e+00  0.00000000e+00  1.00000000e+00]]
Moving ee to aruco marker
Transformation Matrix (base to aruco = base to ee(0)):
 [[ 0.00136622 -0.99984526 -0.01753813  0.37883375]
 [-0.99999846 -0.00134662 -0.00112939 -0.09034854]
 [ 0.0011056   0.01753965 -0.99984556 -0.09298142]
 [ 0.          0.          0.          1.        ]]
Transformation Matrix (camera to ee):
 [[-0.04747938  0.99855971 -0.02498442  0.09124014]
 [ 0.99882943  0.04769402  0.00806593 -0.02925498]
 [ 0.00924592 -0.02457221 -0.9996553   1.12976248]
 [ 0.          0.          0.          1.        ]]
Transformation Matrix (ee to camera):
 [[-0.04747938  0.99882943  0.00924592  0.02310707]
 [ 0.99855971  0.04769402 -0.02457221 -0.06195268]
 [-0.02498442  0.00806593 -0.9996553   1.1318886 ]
 [ 0.          0.          0.          1.        ]]
[INFO] [1740150657.649077]: Processing GraspNet output
Transformation Matrix (base to ee):
 [[ 4.33033470e-04 -9.99999125e-01 -1.24961597e-03  2.80320345e-01]
 [-9.99999526e-01 -4.34122077e-04  8.71013719e-04 -9.09185412e-02]
 [-8.71555444e-04  1.24923820e-03 -9.99998840e-01  4.03645013e-01]
 [ 0.00000000e+00  0.00000000e+00  0.00000000e+00  1.00000000e+00]]
Transformation Matrix (ee to camera):
 [[-0.04747938  0.99882943  0.00924592  0.02310707]
 [ 0.99855971  0.04769402 -0.02457221 -0.06195268]
 [-0.02498442  0.00806593 -0.9996553   1.1318886 ]
 [ 0.          0.          0.          1.        ]]
Transformation Matrix (base to camera):
 [[-0.99854817 -0.04727153  0.02582538  0.34086855]
 [ 0.0470241  -0.99884263 -0.01010596 -0.11301281]
 [ 0.02627321 -0.00887687  0.99961539 -0.72833981]
 [ 0.          0.          0.          1.        ]]
Transformation Matrix (camera to grasp):
 [[-1.0000000e+00  0.0000000e+00  1.2246468e-16  0.0000000e+00]
 [ 0.0000000e+00  1.0000000e+00  0.0000000e+00  0.0000000e+00]
 [-1.2246468e-16  0.0000000e+00 -1.0000000e+00  0.0000000e+00]
 [ 0.0000000e+00  0.0000000e+00  0.0000000e+00  1.0000000e+00]]
Start reading gg values
trans:  [-0.15177906, 0.04224525, 0.55400002]
rot:  (3, 3)
Transformation Matrix (grasp to obj):
 [[-0.11492483 -0.95416409  0.27633876 -0.15177906]
 [ 0.36639848 -0.29928386 -0.88101155  0.04224525]
 [ 0.92333335  0.          0.38399944  0.55400002]
 [ 0.          0.          0.          1.        ]]
Transformation Matrix (camera to obj):
 [[ 1.1492483e-01  9.5416409e-01 -2.7633876e-01  1.5177906e-01]
 [ 3.6639848e-01 -2.9928386e-01 -8.8101155e-01  4.2245250e-02]
 [-9.2333335e-01  1.1685140e-16 -3.8399944e-01 -5.5400002e-01]
 [ 0.0000000e+00  0.0000000e+00  0.0000000e+00  1.0000000e+00]]
Transformation Matrix (base to obj):
 [[-0.15592363 -0.9386312   0.3076674   0.17300559]
 [-0.35123901  0.34380619  0.870878   -0.14247319]
 [-0.92321125  0.02772566 -0.38329143 -1.27851403]
 [ 0.          0.          0.          1.        ]]
Target Pose:
 position: 
  x: 0.173005592198538
  y: -0.14247319172011466
  z: -1.2785140321136703
orientation: 
  x: -0.46998977479983456
  y: 0.6861161058834395
  z: 0.3274240497060975
  w: 0.44849502883426345
Gripper Width:
 0.10000000149011612
