Translation Vector (tvecs):
 [0.01539746 0.01771994 0.6396023 ]
Rotation Matrix:
 [[-0.06306521  0.98932027  0.13140849]
 [ 0.99775953  0.05955419  0.03048319]
 [ 0.02233172  0.1330365  -0.99085952]]
Transformation Matrix (camera to arco):
 [[-0.06306521  0.98932027  0.13140849  0.01539746]
 [ 0.99775953  0.05955419  0.03048319  0.01771994]
 [ 0.02233172  0.1330365  -0.99085952  0.6396023 ]
 [ 0.          0.          0.          1.        ]]
Translation Vector (tvecs):
 [0.0153526  0.01757295 0.64617698]
Rotation Matrix:
 [[-0.06458157  0.99784183  0.01187051]
 [ 0.99788064  0.06466989 -0.00721326]
 [-0.00796536  0.01137951 -0.99990353]]
Transformation Matrix (camera to arco):
 [[-0.06458157  0.99784183  0.01187051  0.0153526 ]
 [ 0.99788064  0.06466989 -0.00721326  0.01757295]
 [-0.00796536  0.01137951 -0.99990353  0.64617698]
 [ 0.          0.          0.          1.        ]]
Translation Vector (tvecs):
 [0.01539746 0.01771994 0.6396023 ]
Rotation Matrix:
 [[-0.06306521  0.98932027  0.13140849]
 [ 0.99775953  0.05955419  0.03048319]
 [ 0.02233172  0.1330365  -0.99085952]]
Transformation Matrix (camera to arco):
 [[-0.06306521  0.98932027  0.13140849  0.01539746]
 [ 0.99775953  0.05955419  0.03048319  0.01771994]
 [ 0.02233172  0.1330365  -0.99085952  0.6396023 ]
 [ 0.          0.          0.          1.        ]]
Translation Vector (tvecs):
 [0.0153526  0.01757295 0.64617698]
Rotation Matrix:
 [[-0.06458157  0.99784183  0.01187051]
 [ 0.99788064  0.06466989 -0.00721326]
 [-0.00796536  0.01137951 -0.99990353]]
Transformation Matrix (camera to arco):
 [[-0.06458157  0.99784183  0.01187051  0.0153526 ]
 [ 0.99788064  0.06466989 -0.00721326  0.01757295]
 [-0.00796536  0.01137951 -0.99990353  0.64617698]
 [ 0.          0.          0.          1.        ]]
Translation Vector (tvecs):
 [0.0153526  0.01757295 0.64617698]
Rotation Matrix:
 [[-0.06458157  0.99784183  0.01187051]
 [ 0.99788064  0.06466989 -0.00721326]
 [-0.00796536  0.01137951 -0.99990353]]
Transformation Matrix (camera to arco):
 [[-0.06458157  0.99784183  0.01187051  0.0153526 ]
 [ 0.99788064  0.06466989 -0.00721326  0.01757295]
 [-0.00796536  0.01137951 -0.99990353  0.64617698]
 [ 0.          0.          0.          1.        ]]
Translation Vector (tvecs):
 [0.0153526  0.01757295 0.64617698]
Rotation Matrix:
 [[-0.06458157  0.99784183  0.01187051]
 [ 0.99788064  0.06466989 -0.00721326]
 [-0.00796536  0.01137951 -0.99990353]]
Transformation Matrix (camera to arco):
 [[-0.06458157  0.99784183  0.01187051  0.0153526 ]
 [ 0.99788064  0.06466989 -0.00721326  0.01757295]
 [-0.00796536  0.01137951 -0.99990353  0.64617698]
 [ 0.          0.          0.          1.        ]]
Translation Vector (tvecs):
 [0.01539746 0.01771994 0.6396023 ]
Rotation Matrix:
 [[-0.06306521  0.98932027  0.13140849]
 [ 0.99775953  0.05955419  0.03048319]
 [ 0.02233172  0.1330365  -0.99085952]]
Transformation Matrix (camera to arco):
 [[-0.06306521  0.98932027  0.13140849  0.01539746]
 [ 0.99775953  0.05955419  0.03048319  0.01771994]
 [ 0.02233172  0.1330365  -0.99085952  0.6396023 ]
 [ 0.          0.          0.          1.        ]]
Translation Vector (tvecs):
 [0.01539746 0.01771994 0.6396023 ]
Rotation Matrix:
 [[-0.06306521  0.98932027  0.13140849]
 [ 0.99775953  0.05955419  0.03048319]
 [ 0.02233172  0.1330365  -0.99085952]]
Transformation Matrix (camera to arco):
 [[-0.06306521  0.98932027  0.13140849  0.01539746]
 [ 0.99775953  0.05955419  0.03048319  0.01771994]
 [ 0.02233172  0.1330365  -0.99085952  0.6396023 ]
 [ 0.          0.          0.          1.        ]]
Translation Vector (tvecs):
 [0.01539746 0.01771994 0.6396023 ]
Rotation Matrix:
 [[-0.06306521  0.98932027  0.13140849]
 [ 0.99775953  0.05955419  0.03048319]
 [ 0.02233172  0.1330365  -0.99085952]]
Transformation Matrix (camera to arco):
 [[-0.06306521  0.98932027  0.13140849  0.01539746]
 [ 0.99775953  0.05955419  0.03048319  0.01771994]
 [ 0.02233172  0.1330365  -0.99085952  0.6396023 ]
 [ 0.          0.          0.          1.        ]]
Translation Vector (tvecs):
 [0.01539746 0.01771994 0.6396023 ]
Rotation Matrix:
 [[-0.06306521  0.98932027  0.13140849]
 [ 0.99775953  0.05955419  0.03048319]
 [ 0.02233172  0.1330365  -0.99085952]]
Transformation Matrix (camera to arco):
 [[-0.06306521  0.98932027  0.13140849  0.01539746]
 [ 0.99775953  0.05955419  0.03048319  0.01771994]
 [ 0.02233172  0.1330365  -0.99085952  0.6396023 ]
 [ 0.          0.          0.          1.        ]]
Translation Vector (tvecs):
 [0.01539746 0.01771994 0.6396023 ]
Rotation Matrix:
 [[-0.06306521  0.98932027  0.13140849]
 [ 0.99775953  0.05955419  0.03048319]
 [ 0.02233172  0.1330365  -0.99085952]]
Transformation Matrix (camera to arco):
 [[-0.06306521  0.98932027  0.13140849  0.01539746]
 [ 0.99775953  0.05955419  0.03048319  0.01771994]
 [ 0.02233172  0.1330365  -0.99085952  0.6396023 ]
 [ 0.          0.          0.          1.        ]]
Translation Vector (tvecs):
 [0.0153526  0.01757295 0.64617698]
Rotation Matrix:
 [[-0.06458157  0.99784183  0.01187051]
 [ 0.99788064  0.06466989 -0.00721326]
 [-0.00796536  0.01137951 -0.99990353]]
Transformation Matrix (camera to arco):
 [[-0.06458157  0.99784183  0.01187051  0.0153526 ]
 [ 0.99788064  0.06466989 -0.00721326  0.01757295]
 [-0.00796536  0.01137951 -0.99990353  0.64617698]
 [ 0.          0.          0.          1.        ]]
Translation Vector (tvecs):
 [0.01539746 0.01771994 0.6396023 ]
Rotation Matrix:
 [[-0.06306521  0.98932027  0.13140849]
 [ 0.99775953  0.05955419  0.03048319]
 [ 0.02233172  0.1330365  -0.99085952]]
Transformation Matrix (camera to arco):
 [[-0.06306521  0.98932027  0.13140849  0.01539746]
 [ 0.99775953  0.05955419  0.03048319  0.01771994]
 [ 0.02233172  0.1330365  -0.99085952  0.6396023 ]
 [ 0.          0.          0.          1.        ]]
Translation Vector (tvecs):
 [0.0153526  0.01757295 0.64617698]
Rotation Matrix:
 [[-0.06458157  0.99784183  0.01187051]
 [ 0.99788064  0.06466989 -0.00721326]
 [-0.00796536  0.01137951 -0.99990353]]
Transformation Matrix (camera to arco):
 [[-0.06458157  0.99784183  0.01187051  0.0153526 ]
 [ 0.99788064  0.06466989 -0.00721326  0.01757295]
 [-0.00796536  0.01137951 -0.99990353  0.64617698]
 [ 0.          0.          0.          1.        ]]
Transformation Matrix (camera to arco):
 [[-0.06458157  0.99784183  0.01187051  0.0153526 ]
 [ 0.99788064  0.06466989 -0.00721326  0.01757295]
 [-0.00796536  0.01137951 -0.99990353  0.64617698]
 [ 0.          0.          0.          1.        ]]
Rotation Matrix:
[[ 0.00129121 -0.99999417 -0.00315995]
 [-0.99999723 -0.00129742  0.0019632 ]
 [-0.00196729  0.00315741 -0.99999308]]
Transformation Matrix (base to ee = base to ee(1)):
 [[ 0.00129121 -0.99999417 -0.00315995  0.2800206 ]
 [-0.99999723 -0.00129742  0.0019632  -0.09060349]
 [-0.00196729  0.00315741 -0.99999308  0.40336137]
 [ 0.          0.          0.          1.        ]]
Moving ee to aruco marker
[ INFO] [1740073227.186687539]: ABORTED: CONTROL_FAILED
Rotation Matrix:
[[ 0.0013039  -0.99999416 -0.00316023]
 [-0.9999972  -0.00131014  0.0019728 ]
 [-0.00197693  0.00315765 -0.99999306]]
Transformation Matrix (base to aruco = base to ee(0)):
 [[ 0.0013039  -0.99999416 -0.00316023  0.28002119]
 [-0.9999972  -0.00131014  0.0019728  -0.09059929]
 [-0.00197693  0.00315765 -0.99999306  0.40336133]
 [ 0.          0.          0.          1.        ]]
Delta Inverse:
 [[ 1.00000000e+00 -1.27169810e-05  9.60241197e-06  4.19873254e-06]
 [ 1.27169835e-05  1.00000000e+00 -2.63405460e-07  5.97476289e-07]
 [-9.60240862e-06  2.63527574e-07  1.00000000e+00 -4.47878393e-08]
 [ 0.00000000e+00  0.00000000e+00  0.00000000e+00  1.00000000e+00]]
Transformation Matrix (camera to ee):
 [[-0.06456899  0.99784265  0.01186963  0.01535293]
 [ 0.99788153  0.0646572  -0.0072037   0.01757718]
 [-0.00795562  0.01137935 -0.9999036   0.646177  ]
 [ 0.          0.          0.          1.        ]]
Transformation Matrix (ee to camera):
 [[-0.06456899  0.99788153 -0.00795562 -0.01140789]
 [ 0.99784265  0.0646572   0.01137935 -0.02380937]
 [ 0.01186963 -0.0072037  -0.9999036   0.6460591 ]
 [ 0.          0.          0.          1.        ]]
[INFO] [1740073227.189022]: Processing GraspNet output
Start reading gg values
trans:  [0.23840101, 0.07521024, 0.57999998]
rot:  (3, 3)
Transformation Matrix (grasp to obj):
 [[-0.51522428 -0.21168602 -0.83050174  0.23840101]
 [-0.23804668  0.96623546 -0.09860444  0.07521024]
 [ 0.82333338  0.14689478 -0.54821914  0.57999998]
 [ 0.          0.          0.          1.        ]]
Rotation Matrix:
[[ 0.0013039  -0.99999416 -0.00316023]
 [-0.9999972  -0.00131014  0.0019728 ]
 [-0.00197693  0.00315765 -0.99999306]]
Transformation Matrix (base to ee):
 [[ 0.0013039  -0.99999416 -0.00316023  0.28002119]
 [-0.9999972  -0.00131014  0.0019728  -0.09059929]
 [-0.00197693  0.00315765 -0.99999306  0.40336133]
 [ 0.          0.          0.          1.        ]]
Transformation Matrix (ee to camera):
 [[-0.06456899  0.99788153 -0.00795562 -0.01140789]
 [ 0.99784265  0.0646572   0.01137935 -0.02380937]
 [ 0.01186963 -0.0072037  -0.9999036   0.6460591 ]
 [ 0.          0.          0.          1.        ]]
Transformation Matrix (base to camera):
 [[-0.99795852 -0.06333292 -0.00822973  0.30177386]
 [ 0.06328492 -0.99797766  0.00596807 -0.0778857 ]
 [-0.00859106  0.00543507  0.99994833 -0.24274592]
 [ 0.          0.          0.          1.        ]]
Transformation Matrix (camera to grasp):
 [[ 6.123234e-17 -1.000000e+00  0.000000e+00  0.000000e+00]
 [ 1.000000e+00  6.123234e-17  0.000000e+00  0.000000e+00]
 [ 0.000000e+00  0.000000e+00  1.000000e+00  0.000000e+00]
 [ 0.000000e+00  0.000000e+00  0.000000e+00  1.000000e+00]]
Transformation Matrix (camera to obj):
 [[ 0.23804668 -0.96623546  0.09860444 -0.07521024]
 [-0.51522428 -0.21168602 -0.83050174  0.23840101]
 [ 0.82333338  0.14689478 -0.54821914  0.57999998]
 [ 0.          0.          0.          1.        ]]
Transformation Matrix (base to obj):
 [[-0.21170587  0.9764607  -0.04129335  0.35695868]
 [ 0.5341608   0.15098647  0.83179054 -0.31710277]
 [ 0.81844548  0.15403765 -0.55355176  0.33916595]
 [ 0.          0.          0.          1.        ]]
Target Pose:
 position: 
  x: 0.35695868154318033
  y: -0.3171027696165627
  z: 0.3391659537157026
orientation: 
  x: 0.5456325242686095
  y: 0.692142344135086
  z: 0.3560785580519436
  w: -0.31053541052960665
Gripper Width:
 0.08824244141578674
